
0006 000 004 say
0006 000 007 approve
0006 001 007 expect
0006 001 010 obtain
0006 001 014 complete
0013 000 004 bow
0013 000 038 justify
0013 001 002 leave
0013 001 023 have
0013 001 024 propose
0013 001 038 remain
0013 002 004 base
0013 002 012 offer
0013 002 020 acquire
0013 004 009 value
0013 005 024 suffer
0013 005 027 make
0013 005 034 relate
0013 005 053 do
0013 005 055 come
0013 006 003 evaluate
0013 006 005 raise
0013 006 012 seem
0013 007 001 get
0013 007 006 take
0013 008 003 note
0013 008 008 worry
0013 009 004 own
0013 009 012 emerge
0013 010 002 attract
0013 011 012 lead
0013 011 020 withdraw
0013 011 026 add
0013 012 027 speed
0013 013 038 assert
0013 014 006 clutter
0013 015 007 turn
0013 015 015 seek
0013 016 005 refile
0013 016 010 hope
0013 017 005 close
0015 000 004 order
0015 000 008 refund
0015 000 023 collect
0015 001 030 require
0015 002 027 receive
0015 002 034 include
0015 002 042 move
0015 003 007 begin
0015 003 016 entertain
0015 003 024 block
0015 004 008 hold
0015 005 014 consider
0015 005 016 appeal
0015 006 008 determine
0015 007 007 force
0015 007 010 slash
0015 008 005 report
0015 009 007 track
0015 009 017 change
0015 012 025 pay
0015 013 003 uphold
0015 013 016 find
0015 013 016 found
0015 014 009 audit
0015 016 005 rule
0015 018 005 set
0015 019 003 face
0015 019 020 estimate
0015 020 021 involve
0018 000 014 appear
0018 000 017 depend
0018 001 011 tie
0018 002 001 file
0018 002 013 disclose
0018 002 031 provide
0018 002 047 head
0018 002 050 scrap
0018 003 012 work
0018 004 020 talk
0018 005 006 anticipate
0018 005 013 announce
0018 005 024 attach
0018 008 004 want
0018 008 007 fund
0018 009 009 need
0018 010 003 call
0018 011 008 cause
0018 011 013 jump
0018 012 010 link
0018 012 024 complicate
0018 015 003 believe
0018 017 003 describe
0018 018 006 contain
0018 019 032 roll
0018 020 004 compete
0018 021 017 price
0018 022 033 occur
0018 024 013 decide
0018 025 003 apply
0018 025 006 trade
0018 026 001 calculate
0018 027 008 transfer
0018 028 004 show
0018 028 008 favor
0018 029 040 post
0018 030 007 exist
0018 030 014 incur
0018 031 008 reach
0018 032 001 regard
0018 036 006 employ
0026 000 022 produce
0026 002 005 deny
0026 003 002 request
0026 003 011 cover
0026 004 010 grant
0026 004 038 locate
0026 005 015 assemble
0026 007 015 total
0026 007 042 accord
0027 000 020 step
0027 000 024 help
0027 001 003 direct
0027 001 008 reduce
0027 001 011 curb
0027 001 023 achieve
0027 001 025 maintain
0027 002 009 succeed
0027 003 018 enter
0027 005 002 cut
0027 005 016 wallow
0027 008 008 resume
0027 008 015 run
0027 010 013 assist
0027 012 005 resign
0027 012 008 pursue
0032 000 035 incorporate
0032 001 003 advertise
0032 001 016 schedule
0032 001 019 expire
0032 003 004 launch
0048 000 008 allow
0048 000 012 boost
0048 004 014 average
0048 008 021 oppose
0048 008 033 merge
0048 012 011 permit
0048 012 018 bid
0048 013 013 saw
0048 013 013 see
0048 014 009 surge
0048 015 007 agree
0048 016 012 follow
0048 016 021 give
0048 017 007 fare
0048 017 013 return
0048 019 001 rise
0048 020 003 sign
0048 023 008 leap
0048 025 011 gain
0048 026 019 eliminate
0048 026 022 associate
0048 028 011 assume
0048 032 005 become
0048 033 018 tumble
0048 035 002 lose
0048 036 007 redeem
0048 036 010 issue
0048 037 027 resolve
0048 038 029 indicate
0048 038 041 plan
0048 039 002 slip
0048 040 025 end
0057 000 021 reflect
0057 001 014 result
0057 002 032 cite
0057 002 045 switch
0057 005 012 phase
0057 006 007 equal
0057 007 002 count
0057 010 020 fabricate
0057 011 012 convert
0057 012 002 decline
0057 012 005 speculate
0057 013 008 invest
0057 013 026 grow
0057 013 034 position
0057 014 002 think
0057 017 009 keep
0063 000 007 increase
0063 000 019 press
0063 001 015 sell
0063 001 023 use
0063 001 030 buy
0063 002 007 ward
0063 004 004 sweeten
0063 006 009 allocate
0063 010 011 mean
0063 010 026 go
0063 010 029 top
0063 011 005 criticize
0063 011 013 characterize
0063 011 021 design
0063 011 025 entrench
0063 011 028 confuse
0063 011 031 prevent
0063 011 035 accept
0063 012 016 materialize
0063 013 011 stem
0063 013 034 place
0063 014 007 mire
0063 014 021 bar
0063 014 034 bring
0063 016 024 elaborate
0067 001 014 drop
0067 004 011 tell
0067 005 032 prove
0067 008 007 comment
0067 009 006 hit
0067 010 011 lay
0067 010 011 lie
0067 011 008 negotiate
0068 004 003 adopt
0073 000 021 declare
0073 000 030 mail
0073 002 002 entitle
0073 003 011 exercise
0073 004 006 operate
0080 002 002 rebuff
0080 002 012 study
0080 004 008 review
0080 005 028 continue
0080 008 003 clamp
0080 013 004 surprise
0080 016 006 collapse
0080 016 012 lessen
0080 017 012 put
0080 017 023 finance
0080 019 013 ask
0080 019 018 answer
0080 020 011 respond
0080 020 016 spurn
0080 021 029 aim
0080 021 033 replace
0080 023 031 interest
0080 024 012 purchase
0080 024 020 stand
0080 025 007 earn
0080 026 001 fall
0080 026 001 fell
0106 003 019 fix
0106 004 004 discuss
0109 000 029 intend
0109 000 032 wield
0109 000 036 reshape
0109 001 035 divide
0109 001 043 name
0109 002 005 search
0109 003 002 react
0109 006 013 orient
0109 008 023 contribute
0109 011 027 wind
0109 011 027 wound
0109 012 015 hurt
0109 016 011 join
0109 017 012 like
0109 019 003 dominate
0109 019 018 control
0109 019 028 die
0109 020 013 push
0109 025 005 quote
0109 026 020 fire
0109 027 011 stay
0109 033 009 advocate
0109 036 002 express
0109 036 010 convince
0109 037 002 look
0109 038 001 predict
0109 039 011 focus
0109 040 002 applaud
0109 041 007 manage
0109 041 013 spread
0109 042 010 exude
0109 043 006 sit
0109 044 002 play
0109 044 005 win
0118 000 036 quash
0118 003 009 shake
0118 003 035 send
0118 003 038 reel
0118 005 012 reap
0118 006 016 catch
0118 007 026 exacerbate
0118 008 021 consist
0118 010 000 defend
0118 010 039 know
0118 011 019 mobilize
0118 011 026 bludgeon
0118 013 001 sting
0118 013 025 abandon
0118 014 012 refuse
0118 015 024 feel
0118 016 017 demand
0118 017 018 telephone
0118 017 029 list
0118 017 039 pressure
0118 017 043 ban
0118 018 011 rally
0118 019 014 compromise
0118 020 001 kill
0118 023 033 wed
0118 024 033 wait
0118 024 039 sneak
0118 025 017 concede
0118 025 021 belong
0118 026 014 respect
0118 026 026 surrender
0118 027 006 write
0118 030 019 pit
0118 031 017 battle
0118 032 003 denounce
0118 032 013 hire
0118 034 007 fight
0118 035 029 facilitate
0118 040 032 stack
0118 042 009 portray
0118 044 012 beg
0118 048 027 constitute
0118 048 053 lock
0118 051 016 seize
0118 052 025 profess
0118 052 028 despise
0118 053 013 frighten
0118 057 005 trigger
0118 058 004 unload
0118 058 018 dump
0118 059 004 kick
0118 059 014 halt
0118 060 016 ignore
0118 064 006 charge
0118 066 020 juggle
0118 066 024 mirror
0118 069 009 threaten
0118 073 016 strive
0118 073 029 dislike
0118 074 007 skyrocket
0118 075 010 hear
0118 075 014 start
0118 076 003 walk
0118 076 027 contend
0118 078 003 try
0118 078 006 lure
0118 078 010 spook
0118 079 021 scar
0118 079 021 scare
0118 082 002 resent
0118 082 010 transform
0118 083 028 complain
0118 088 009 orchestrate
0118 091 008 gore
0118 094 004 mint
0118 101 003 panic
0118 103 007 target
0118 105 005 meet
0118 106 007 stop
0118 107 022 understand
0118 108 028 enjoy
0118 110 014 compare
0118 113 003 chase
0118 114 018 institute
0118 114 028 protect
0118 114 033 beat
0118 114 041 profit
0118 116 009 amount
0118 117 010 slow
0118 118 002 argue
0118 118 010 destroy
0118 121 010 support
0118 121 012 let
0118 121 015 suspend
0118 122 007 pick
0118 124 003 practice
0118 127 004 perform
0118 127 015 match
0118 128 009 risk
0118 128 011 leverage
0118 130 001 represent
0118 130 019 claim
0118 131 010 fail
0118 131 022 surround
0118 133 003 arise
0118 133 009 execute
0118 133 031 transact
0118 134 009 introduce
0118 135 026 evolve
0118 135 034 evoke
0118 136 013 conclude
0118 136 023 implement
0118 141 024 initiate
0118 143 014 function
0118 144 015 decrease
0118 146 006 sacrifice
0118 147 040 handle
0118 150 013 create
0118 151 010 fear
0118 153 001 encourage
0118 154 007 label
0118 155 029 welcome
0118 155 032 please
0118 156 015 concern
0118 157 019 tolerate
0118 158 008 measure
0118 159 020 undergo
0118 160 011 scream
0118 160 026 hail
0118 160 031 abound
0118 163 021 woo
0118 165 015 sound
0118 168 010 abolish
0118 168 025 champion
0118 169 010 cater
0118 170 002 advise
0118 171 025 amass
0118 172 014 devour
0118 173 027 cope
0118 175 021 grapple
0118 177 019 serve
0118 178 001 legislate
0118 181 009 matter
0118 181 014 choose
0118 182 005 insist
0118 183 007 invite
0122 000 024 form
0124 006 019 terminate
0125 000 025 compile
0125 010 003 insure
0125 012 034 yield
0125 015 003 rate
0125 019 001 mature
0125 029 005 carry
0125 033 001 guarantee
0132 000 024 account
0132 003 003 offset
0132 005 005 fuel
0136 003 002 attribute
0136 005 020 build
0137 000 002 edge
0137 001 002 finish
0137 005 003 outnumber
0137 007 016 underlie
0137 014 041 participate
0137 015 010 advance
0137 019 004 stimulate
0137 024 004 bolster
0137 024 016 affect
0137 030 005 combine
0137 030 015 tempt
0137 031 017 overdo
0137 032 004 settle
0137 034 007 hug
0137 037 001 shed
0137 037 015 disappoint
0137 037 023 tender
0137 038 012 waive
0137 040 005 spark
0137 042 005 ease
0137 046 005 shop
0137 046 021 climb
0137 047 007 notch
0137 053 014 mix
0149 001 006 doubt
0149 001 026 signal
0149 001 033 revive
0149 004 004 puzzle
0149 004 011 caution
0149 005 009 happen
0149 007 004 suggest
0149 012 030 challenge
0149 013 008 rebound
0149 016 011 notify
0149 017 001 confirm
0149 020 006 tap
0149 021 009 land
0149 022 005 attempt
0150 000 020 clear
0150 006 005 market
0151 002 007 oust
0151 003 012 retain
0151 003 018 explore
0151 003 024 maximize
0151 005 005 specify
0151 005 008 prompt
0151 005 022 benefit
0152 000 007 extend
0152 003 006 reject
0152 006 002 publish
0153 002 015 trail
0153 003 021 recover
0153 009 005 soar
0153 011 019 muscle
0153 012 008 single
0153 013 019 double
0153 014 002 sag
0153 018 001 exclude
0157 003 019 accrue
0157 006 009 submit
0158 000 023 term
0158 003 013 split
0158 010 017 suspect
0159 001 025 dilute
0159 002 038 deter
0160 001 029 magnify
0161 001 011 record
0161 001 052 reimburse
0162 000 009 hamper
0162 001 019 weigh
0162 001 026 bear
0162 002 015 drift
0162 008 005 draw
0162 008 030 improve
0162 009 021 arrive
0162 009 026 firm
0162 009 036 falter
0162 012 009 curtail
0162 012 018 blame
0162 013 006 confine
0162 014 006 subdue
0162 014 010 await
0162 014 024 point
0162 015 002 sense
0162 015 010 stick
0162 021 021 mount
0162 024 039 restructure
0162 032 011 capture
0162 036 002 forecast
0165 001 019 exchange
0165 003 007 plunge
0165 005 023 simulate
0166 003 017 exceed
0167 002 001 distribute
0168 002 022 lend
0169 000 055 prepare
0169 000 058 outbid
0169 001 005 identify
0169 006 009 derive
0171 006 005 examine
0173 001 010 owe
0173 004 015 unveil
0173 004 025 plague
0173 005 002 bounce
0176 001 029 centralize
0178 000 006 level
0178 001 017 shrink
0178 020 014 develop
0178 022 018 delay
0178 024 020 warn
0179 001 003 cast
0179 003 003 fault
0179 003 018 fly
0179 012 004 attend
0179 012 016 mull
0179 012 023 mitigate
0179 018 015 reserve
0179 021 019 batter
0179 025 011 float
0179 025 019 break
0179 027 020 capitalize
0179 029 016 spin
0179 037 016 scrutinize
0184 006 003 question
0184 010 007 trim
0184 012 021 spur
0187 001 007 limit
0187 004 004 finalize
0187 004 011 open
0187 004 022 lease
0187 005 018 avert
0187 006 024 inject
0187 008 013 subscribe
0187 010 013 present
0188 000 007 dash
0188 001 008 repay
0188 001 023 discharge
0188 006 023 sputter
0189 010 003 realize
0189 010 013 spend
0194 005 021 rid
0194 005 021 ride
0194 008 018 couple
0194 012 005 ship
0194 013 045 plummet
0194 017 024 coat
0194 020 016 narrow
0194 021 007 solicit
0224 000 023 remove
0224 001 015 relinquish
0224 002 003 restrict
0224 003 016 assure
0224 006 023 lobby
0224 008 015 scuttle
0224 018 004 languish
0224 019 012 observe
0224 024 015 shut
0224 027 013 consult
0224 028 002 emphasize
0224 028 011 vote
0224 028 022 lift
0224 031 009 weaken
0224 036 046 ensure
0224 037 002 shock
0224 039 020 accuse
0224 039 026 back
0224 043 004 buffet
0224 044 026 preclude
0224 045 002 hint
0231 014 017 read
0231 023 002 shift
0231 027 010 comfort
0231 030 004 drag
0231 036 030 stalk
0231 039 020 alter
0231 041 014 listen
0231 041 034 clarify
0231 042 022 propel
0253 002 021 dispose
0253 003 008 concentrate
0253 004 008 reassure
0253 007 004 manufacture
0253 008 002 upgrade
0253 009 015 hover
0253 014 014 worsen
0263 001 020 adjust
0266 000 013 recognize
0266 003 001 innovate
0271 006 006 scale
0271 008 007 reset
0271 023 006 treat
0271 023 024 impose
0279 000 007 plead
0279 001 013 mark
0279 002 019 conspire
0279 002 031 evade
0279 006 008 violate
0279 006 017 prohibit
0279 008 009 avoid
0279 012 032 hide
0279 014 005 oversee
0279 014 022 learn
0292 006 005 enhance
0295 001 029 pioneer
0295 004 006 dissolve
0295 005 013 hesitate
0295 006 003 mellow
0295 006 014 echo
0295 015 001 pamper
0295 015 012 stroke
0295 016 005 delve
0295 018 021 fit
0295 019 020 retire
0295 021 009 par
0295 021 009 pare
0295 024 007 formulate
0295 024 016 chip
0295 032 001 strike
0295 034 028 integrate
0295 038 017 redefine
0295 039 020 accomplish
0295 040 003 wish
0295 042 019 quip
0295 051 010 opt
0295 058 003 hospitalize
0308 000 010 repel
0308 014 007 proceed
0308 014 015 modify
0308 014 019 restrain
0313 006 005 rumor
0317 003 005 speak
0317 003 012 refer
0317 009 007 shape
0317 017 007 rank
0317 021 028 squeeze
0317 022 038 export
0317 026 042 subtract
0317 029 013 save
0317 039 027 specialize
0317 047 010 rescind
0317 048 002 mention
0317 049 008 putt
0317 052 005 spot
0317 055 020 eat
0317 063 015 hinder
0322 000 015 buoy
0322 002 013 drive
0322 007 005 bet
0322 010 029 engage
0322 018 015 depress
0322 019 005 labor
0325 003 005 restate
0325 003 008 comply
0325 005 024 commence
0325 006 032 establish
0327 000 002 wake
0327 003 003 outpace
0327 014 004 watch
0327 015 002 bore
0327 019 019 sink
0327 020 007 exhaust
0327 021 004 pummel
0327 029 029 churn
0327 031 013 appreciate
0327 033 030 lag
0327 036 017 tend
0327 037 012 stall
0327 039 005 scour
0327 051 003 tote
0327 054 005 slide
0329 000 006 arrange
0329 001 021 consolidate
0329 003 036 dedicate
0331 000 011 love
0331 003 001 throw
0331 008 010 contemplate
0331 018 001 net
0331 023 007 reverse
0331 028 009 recalculate
0331 029 019 recommend
0331 031 003 classify
0331 038 016 imperil
0331 038 026 fetch
0336 003 013 discount
0336 004 015 counter
0336 010 014 modernize
0336 014 010 impact
0336 017 023 stock
0340 000 030 fend
0344 003 022 act
0345 000 010 restore
0345 002 018 retreat
0345 006 018 mimic
0345 011 034 view
0345 012 033 renew
0345 013 032 cease
0345 015 018 manipulate
0345 021 006 surface
0345 026 006 accumulate
0345 030 015 lower
0345 038 023 reorganize
0350 010 028 loom
0350 018 004 award
0361 001 033 sustain
0361 004 031 inflate
0361 009 026 pin
0361 010 017 store
0361 011 012 praise
0361 011 023 survive
0361 016 012 detail
0361 019 003 outline
0361 019 023 book
0376 006 015 dwarf
0402 000 007 authorize
0404 001 006 heighten
0404 011 003 piggyback
0404 014 011 state
0404 018 026 pinpoint
0404 018 032 pump
0404 020 021 expand
0404 023 014 detect
0404 023 018 quantify
0419 003 007 prefer
0419 004 032 diminish
0427 000 003 postpone
0430 002 011 haggle
0430 003 006 don
0430 004 006 rock
0430 009 005 topple
0430 009 011 soak
0430 010 001 flicker
0430 010 020 blare
0430 013 033 leak
0430 013 035 contaminate
0430 014 012 wrap
0430 016 007 bolt
0430 019 019 rattle
0448 001 029 bill
0448 003 042 breach
0448 007 025 promise
0448 009 042 cooperate
0462 000 031 refinance
0462 006 048 entice
0462 009 006 swap
0462 011 017 regain
0464 008 028 erode
0464 010 013 deduct
0464 012 025 clobber
0464 038 002 repeat
0466 009 016 consume
0466 011 004 pasteurize
0466 014 003 debunk
0466 023 007 reply
0466 028 006 misunderstand
0466 032 019 package
0466 037 005 process
0466 037 009 rely
0466 038 023 contract
0466 039 021 divert
0467 000 012 figure
0467 005 030 chop
0467 005 041 fling
0467 015 002 cost
0467 021 021 outsell
0471 000 024 allege
0471 001 029 nullify
0472 001 006 unfold
0472 006 007 gauge
0472 006 019 last
0472 009 021 deliver
0472 009 034 defer
0472 015 016 minimize
0472 017 029 unravel
0472 024 004 experience
0472 029 005 feature
0472 030 010 project
0472 032 002 reiterate
0474 001 010 enforce
0474 001 019 pass
0474 004 013 live
0474 006 031 redline
0474 010 011 demonstrate
0474 011 004 miss
0482 001 028 dip
0493 002 006 prevail
0493 011 013 swell
0498 005 035 generate
0500 003 008 engineer
0504 001 002 cap
0504 016 008 widen
0504 017 017 deal
0504 018 005 expose
0504 019 006 eclipse
0520 001 005 strengthen
0520 004 004 fluctuate
0520 006 003 slump
0520 009 005 amend
0527 002 009 qualify
0527 008 010 revise
0555 000 028 elect
0557 010 008 dispense
0568 001 024 wonder
0568 014 029 overcome
0568 020 011 approach
0568 022 007 flare
0568 024 011 overhaul
0568 028 010 burn
0568 030 043 inch
0575 000 010 hemorrhage
0575 022 017 acknowledge
0575 028 010 spike
0583 002 008 rebut
0583 004 020 demolish
0583 008 005 vary
0583 010 008 touch
0583 015 045 diversify
0583 016 011 branch
0583 018 016 lack
0583 024 022 brim
0583 028 006 jettison
0584 002 012 mortgage
0584 002 024 placate
0584 005 007 borrow
0584 018 007 escalate
0584 027 002 mollify
0584 030 006 flaw
0584 047 006 conduct
0585 009 008 amplify
0585 009 014 undercut
0585 019 019 flee
0585 019 026 dwindle
0585 032 004 influence
0585 039 015 re-enter
0585 053 009 discover
0585 055 002 rocket
0586 000 019 slap
0586 000 029 knock
0586 008 011 telegraph
0586 013 006 skid
0586 015 014 urge
0586 031 020 square
0610 002 004 quit
0610 005 023 reveal
0610 021 010 warrant
0610 024 007 constrain
0610 026 021 pull
0610 027 019 range
0610 034 004 reassign
0632 004 007 buck
0632 010 020 forge
0632 011 020 preserve
0632 018 016 structure
0660 005 004 liquidate
0660 006 024 organize
0661 000 046 consummate
0662 003 013 import
0662 005 007 rent
0662 005 011 print
0674 009 010 recycle
0675 000 025 roil
0675 010 015 steer
0675 013 018 thwart
0679 004 001 affirm
0681 001 013 slam
0681 003 002 peak
0681 005 009 outstrip
0681 007 032 crumble
0681 008 022 greet
0681 009 015 sweep
0681 009 037 undermine
0681 015 017 prop
0681 017 032 disappear
0681 018 032 milk
0681 023 021 scramble
0681 028 005 blow
0681 029 002 sober
0681 030 037 gloss
0681 039 016 accompany
0681 057 002 escape
0681 071 002 tack
0695 001 004 franchise
0695 007 008 align
0704 041 004 title
0704 041 031 originate
0704 041 043 secure
0704 044 011 service
0709 001 008 release
0745 014 029 deflect
0745 016 023 relax
0745 017 021 convene
0745 022 025 tour
0745 024 008 smother
0745 024 015 recall
0745 026 004 dare
0745 026 006 jeopardize
0745 026 041 privatize
0745 028 021 unlock
0768 000 006 pour
0768 001 011 flow
0768 008 003 spell
0768 019 006 stream
0768 024 028 seep
0768 027 014 yank
0778 000 003 sharpen
0778 002 033 indict
0778 006 023 confiscate
0778 008 004 investigate
0778 009 023 freeze
0778 018 021 overstate
0778 023 018 taint
0778 024 010 deprive
0781 014 005 correct
0781 026 020 circumvent
0781 031 004 ballyhoo
0781 032 029 guard
0781 035 008 cram
0781 036 001 clock
0781 038 023 connect
0781 042 005 corner
0805 000 018 reinstate
0806 000 015 register
0810 014 014 persuade
0810 016 016 denationalize
0816 000 004 whack
0816 005 002 nose-dive
0816 014 015 cheer
0816 015 018 reason
0818 015 015 sprout
0818 016 006 boast
0818 016 012 weather
0818 038 008 balk
0818 045 005 illustrate
0818 051 010 surpass
0918 003 041 translate
0927 003 035 promote
0927 006 007 broaden
0928 000 005 snap
0938 004 024 appoint
0938 016 017 accommodate
0953 001 011 supervise
0953 003 019 satisfy
0953 020 003 endorse
0953 037 033 dismiss
0973 011 006 foresee
0973 014 030 supply
0981 007 013 remodel
0981 007 024 refurbish
1001 058 020 stretch     Olga
1002 000 026 stud
1002 002 005 check
1002 002 017 guess
1002 003 004 monitor
1002 004 017 sidestep
1002 014 005 pale
1002 023 014 analyze
1002 054 005 warm
1002 057 004 dispute
1003 000 004 hammer
1003 003 004 bode
1003 011 019 share
1003 017 008 exhibit
1006 003 007 spearhead
1006 006 003 felt
1006 016 009 tarnish
1006 019 007 downgrade
1008 004 002 underwrite
1010 008 004 embolden
1010 010 014 resist
1010 016 005 team
1010 030 018 relent
1013 000 011 mandate
1013 011 016 divest
1013 014 027 beef
1013 021 004 accelerate
1014 027 007 cede
1015 021 015 underpin
1015 026 017 dull
1015 043 003 shrug
1015 044 009 persist
1015 046 025 fade
1015 049 006 unnerve
1022 003 028 circulate
1022 023 015 recoup
1022 024 045 injure
1022 030 015 vacate
1022 031 006 frame
1022 039 026 separate
1022 045 007 resemble
1029 000 025 sue
1035 005 008 tighten
1036 014 004 poll
1037 001 028 rush
1037 007 005 wrestle
1037 009 006 bury
1037 013 019 plow
1037 038 030 outlast
1037 042 016 overwork
1037 043 012 grumble
1037 045 010 halve
1037 055 014 race
1037 060 049 brew
1037 061 030 crack
1037 071 025 rack
1040 003 002 reward
1042 003 007 enable
1048 004 003 commit
1050 002 003 purport
1052 026 002 sum
1052 027 017 unsettle
1052 032 010 envision
1052 036 008 prosper
1052 036 023 redo
1059 000 007 intensify
1059 002 030 exploit
1059 004 013 differ
1059 008 013 chug
1059 008 022 update
1059 023 015 computerize
1059 024 009 displace
1059 024 016 instal
1059 027 003 stake
1059 038 023 occupy
1059 039 004 address
1059 039 014 inflict
1069 004 022 cool
1074 011 018 pledge
1074 012 005 stipulate
1099 001 002 hand
1099 004 006 din
1099 004 006 dine
1099 005 004 preside
1099 009 036 drill
1099 011 009 parry
1099 012 006 dismember
1099 014 011 shatter
1099 015 006 dodge
1099 019 006 bone
1099 021 007 interview
1099 023 001 huddle
1099 024 032 swallow
1099 033 006 aspire
1099 034 007 dabble
1099 036 013 wear
1099 038 024 pound
1099 039 008 chart
1099 041 014 waste
1099 041 018 distance
1099 046 005 whisper
1099 046 013 remember
1099 047 002 miff
1099 049 010 delight
1099 056 018 disagree
1099 061 004 rear
1099 061 024 nickname
1099 065 043 smooth
1099 069 017 dish
1099 070 003 breath
1099 070 003 breathe
1099 075 016 scout
1099 083 024 research
1105 001 006 struggle
1105 006 002 underscore
1105 008 006 resort
1105 010 017 distort
1105 017 031 drum           Olga
1105 018 003 highlight
1105 020 016 brand
1105 025 031 blanket
1105 035 005 absorb
1105 038 010 quadruple
1111 010 026 forfeit
1142 001 013 irk
1142 011 049 disintegrate
1142 016 006 trouble
1142 017 016 swing
1142 018 003 suppose
1142 024 000 grouse
1142 041 009 resell
1144 006 015 compensate
1154 000 004 assign
1154 000 023 sprinkle
1154 001 014 forget
1154 003 026 pitch
1154 003 030 stitch
1154 004 004 gasp
1154 004 008 mop
1154 010 012 cough
1154 018 024 boom
1154 019 022 sing
1154 020 002 costume
1154 020 010 totter
1154 023 007 tame
1154 027 013 dye
1154 029 009 precede
1154 029 066 stir
1154 030 017 cancel
1154 032 007 ventilate
1154 034 006 substitute
1154 036 007 audition
1154 040 019 recapture
1154 040 029 ponder
1154 041 038 honor
1154 044 018 rework
1154 047 011 score
1154 050 030 singe
1154 059 003 redound
1154 066 004 coincide
1154 068 020 visit
1154 072 009 test
1154 076 015 arrest
1154 077 036 root
1154 082 017 rethink
1155 002 001 jolt
1157 008 012 mislead
1157 009 025 admit
1164 010 010 ensue
1165 002 018 counteract
1165 002 021 dog
1165 009 012 scatter
1165 016 007 nick
1171 006 001 munch
1171 006 009 yell
1171 009 001 man
1171 015 008 hop
1171 017 020 buckle
1171 019 010 transmit
1171 023 022 imagine
1171 031 018 sweat
1171 033 028 tug
1171 039 024 subject
1171 039 034 upset
1186 005 005 auction
1191 002 009 enjoin
1192 011 005 spruce
1192 017 015 contrast
1192 028 005 combat
1192 030 005 backfire
1192 031 028 travel
1193 004 003 cash
1193 005 042 license
1193 010 010 plug
1193 024 001 rejoin
1193 031 029 disband
1195 005 027 explain
1195 007 024 embark
1195 010 011 undervalue
1196 005 021 shorten
1199 003 014 fulfill
1201 000 007 gyrate
1201 003 025 steady
1201 017 006 wage

--- Olga started here ---

1201 026 009 quarrel
1201 027 008 bail
1201 039 006 bandy
1205 002 014 default
1207 002 020 insulate
1208 004 002 swamp
1208 019 001 scoop
1208 027 024 crush
1208 028 014 flash
1208 033 038 hedge
1208 038 010 crunch
1208 038 037 route
1208 038 045 scan
1208 061 003 overlook
1217 007 014 derail
1217 022 016 heat
1217 025 011 aid
1223 004 001 credit
1223 004 018 destine
1223 005 003 slate
1223 009 020 denominate
1223 011 024 sanction
1223 016 022 flip
1225 003 004 forbid
1225 016 023 afford
1225 025 002 strap
1225 031 010 marry
1226 006 014 alleviate
1226 007 006 revamp
1226 021 000 shave
1227 000 009 refocus
1227 000 030 mine
1227 002 034 simplify
1248 000 016 flop
1257 009 002 dispel
1280 000 022 partake
1280 016 010 vow
1283 012 022 behave
1289 003 025 fill
1297 003 022 define
1297 005 012 alarm
1297 018 027 gross
1303 006 017 joke
1303 012 002 interpret
1303 033 014 peddle
1303 036 029 accede
1303 040 002 dig
1305 018 011 nurture
1305 021 011 solve
1305 034 011 sow
1305 035 008 nurse
1309 000 004 tear
1309 002 030 billow
1309 004 020 assess
1309 007 027 obscure
1309 010 006 spew
1309 010 011 crumple
1311 005 010 clean
1311 005 015 blacken
1311 006 026 spill
1311 006 033 ram
1311 026 007 triple
1311 030 026 damage
1314 003 003 spring
1314 009 004 brace
1314 013 039 load
1314 024 013 underperform
1319 000 009 quiet
1319 022 023 stress
1319 032 007 blunder
1330 018 026 weight
1330 024 009 redirect
1330 034 034 oblige
1332 011 009 laud
1334 004 012 rename
1346 003 004 stumble
1364 020 019 defraud
1364 022 005 revoke
1371 004 008 sequester
1371 010 011 abstain
1372 001 010 chair
1394 000 014 flame
1394 002 006 restart
1394 003 007 grind
1394 003 007 ground
1394 003 014 skip
1394 006 010 thrive
1394 012 017 meld
1394 016 012 reconcile
1394 020 004 craft
1394 021 021 foster
1394 024 018 bestow
1394 026 002 reinforce
1394 027 004 vent
1394 028 010 beam
1394 034 007 bristle
1394 034 016 tamper
1394 040 014 furlough
1394 046 014 thrust
1394 058 014 airlift
1394 059 007 model
1394 060 008 unionize
1394 063 016 crimp
1394 065 013 countenance
1394 066 025 dress
1394 071 008 retract
1394 072 002 anger
1394 073 005 seal
1394 075 007 allay
1394 084 011 veto
1394 089 006 mistreat
1394 096 010 endure
1399 012 007 interfere
1410 000 030 outweigh
1410 022 005 host
1410 025 004 encounter
1411 001 023 bound
1411 005 009 gush
1411 007 002 groan
1411 010 021 beset
1411 015 010 cultivate
1411 023 026 embrace
1411 026 004 sack
1411 028 002 flood
1411 032 019 testify
1411 036 004 dawn
1411 052 003 attack
1411 053 004 reshuffle
1411 060 017 rub
1411 067 007 jack
1411 069 010 belie
1411 072 004 bleed
1411 074 002 tackle
1411 074 021 rein
1411 075 028 key
1411 093 018 install
1411 094 003 perceive
1411 098 017 field
1411 099 019 augment
1419 017 016 endeavor
1419 019 025 re-evaluate
1419 022 006 stun
1419 027 006 damp
1419 028 006 contact
1440 009 003 dub
1442 008 009 wrangle
1442 012 012 comb
1442 017 004 portend
1442 028 018 compound
1442 036 028 comprise
1442 044 028 stabilize
1442 048 013 undertake
1442 053 018 withstand
1445 027 014 rave
1449 009 007 dive
1457 001 004 bumble
1457 003 031 govern
1457 011 029 defeat
1457 018 006 latch
1457 019 011 dispatch
1457 025 044 emulate
1457 028 003 defy
1457 029 021 heal
1457 033 014 lean
1457 041 008 waffle
1457 045 021 convict
1457 052 019 unearth
1457 066 003 duck
1463 007 006 snowball
1463 016 017 discontinue
1467 007 028 induce
1467 007 030 coerce
1467 010 007 punish
1467 010 022 expel
1467 020 018 display
1467 022 022 house
1467 023 039 revert
1467 027 006 broadcast
1468 011 022 poise
1468 014 042 grab
1480 013 027 discern
1480 014 005 remind
1480 014 031 flock
1480 016 040 deteriorate
1480 023 001 preach
1480 050 037 log
1480 053 028 shun
1487 002 034 discourage
1490 002 019 culminate
1490 003 014 patch
1490 003 027 rescue
1490 032 035 conform
1492 007 010 outflank
1492 010 026 standardize
1507 003 013 rewrite
1516 010 008 subside
1516 011 006 perk
1525 001 001 survey
1525 001 005 gather
1525 015 008 earmark
1525 024 018 hobble
1525 024 025 pop
1531 022 040 hang
1531 023 019 confer
1539 001 021 infringe
1539 002 006 remand
1540 020 003 bottom
1541 002 027 stagnate
1562 002 001 dream
1562 017 005 regret
1562 024 011 teach
1562 035 001 instruct
1562 042 012 disregard
1575 007 008 stanch
1578 019 011 mind
1578 027 035 unwind
1578 047 003 resurface
1594 018 015 bedevil
1594 020 014 wane
1596 021 027 reckon
1597 007 016 blend
1606 006 030 wreck
1606 012 020 dampen
1606 021 009 access
1610 004 011 negate
1614 003 049 replenish
1614 018 028 wipe
1619 010 012 loan
1619 019 015 syndicate
1619 030 001 elude
1621 016 014 cloud
1625 001 013 convolute
1625 005 003 vanish
1625 010 010 donate
1625 018 008 flunk
1625 019 016 rake
1625 020 014 sort
1625 024 019 misspend
1625 025 013 disconnect
1625 034 035 impress
1625 037 034 overturn
1625 038 010 stifle
1625 041 008 zero
1625 049 017 scratch
1625 052 011 alert
1625 052 013 inform
1625 054 020 smoke
1625 061 004 bother
1625 062 004 police
1626 000 015 wash
1626 004 014 reconsider
1626 005 017 resurrect
1626 009 031 devise
1626 035 003 re-elect
1629 019 008 right
1629 021 021 multiply
1629 029 005 complement
1634 006 013 empathize
1634 009 012 sabotage
1634 011 015 occasion
1634 013 008 educate
1634 022 010 sniff
1634 022 024 bankroll
1634 040 010 chime
1634 040 025 delegate
1634 055 009 shepherd
1634 066 006 barrel
1634 073 005 court
1634 085 001 recruit
1634 090 014 paint
1634 092 017 chew
1634 102 005 sour
1634 108 005 indemnify
1668 000 008 reschedule
1703 004 002 center
1706 013 018 carve
1713 005 015 remedy
1719 001 012 omit
1723 016 014 rotate
1735 002 004 disenchant
1735 013 003 thrash
1735 015 014 rough
1749 004 018 equip
1756 006 020 trust
1756 007 015 designate
1756 008 004 nominate
1756 011 012 deem
1765 003 015 reopen
1768 007 038 rationalize
1774 006 017 mask
1774 013 007 linger
1779 006 021 constrict
1781 000 012 evaporate
1781 004 005 reappraise
1781 051 003 impede
1783 010 017 shy
1792 007 029 deepen
1792 031 025 contest
1802 003 002 thank
1802 007 024 erase
1812 005 031 condemn
1819 019 006 pack
1819 019 015 erupt
1819 020 006 acquit
1819 020 023 victimize
1819 022 003 deliberate
1819 023 004 impeach
1827 001 019 ebb
1837 000 018 uncover
1837 007 008 necessitate
1860 010 004 obligate
1860 028 012 enlist
1879 006 019 presage
1880 005 020 drain
1881 000 017 parachute
1881 003 028 flush
1881 008 030 commend
1881 012 018 infect
1881 013 005 raid
1881 015 036 enrich
1881 017 019 encumber
1881 020 012 chuckle
1881 025 007 stonewall
1881 040 021 digest
1883 009 022 unleash
1885 005 012 except
1944 005 016 neglect
1950 015 017 date
1957 002 014 obliterate
1957 039 008 calm
1973 000 026 burden
1973 016 002 prolong
1987 004 006 object
1992 000 010 streamline
1992 006 005 pile
2003 006 054 prepay
2004 012 019 stash
2004 018 010 bump
2007 024 004 pace
2019 000 012 invade
2022 000 005 fulfil
2022 010 003 accustom
2057 010 003 herd
2057 026 015 discredit
2057 029 018 overwhelm
2057 045 024 exit
2061 000 007 explode
2061 000 014 traumatize
2061 011 008 reconstruct
2061 060 030 relieve
2064 018 012 tax
2064 018 014 regulate
2064 025 002 fret
2064 030 001 up
2068 003 015 wrest
2083 003 005 overtake
2086 024 006 bless
2086 026 014 blaze
2086 031 008 zoom
2091 012 036 gear
2093 018 003 pose
2093 024 004 snag
2101 008 005 construct
2104 005 025 proffer
2104 012 016 pocket
2104 014 011 round
2104 014 033 spiral
2104 017 005 progress
2104 023 018 degenerate
2104 027 024 line
2104 031 003 eschew
2104 037 016 re-emerge
2113 001 016 anoint
2113 002 018 engulf
2113 007 010 pluck
2113 009 012 grace
2113 026 017 epitomize
2113 029 013 lament
2113 041 012 phone
2113 041 025 gloat
2113 055 020 tout
2113 061 015 cook
2113 063 008 rival
2113 069 005 vex
2113 077 005 lavish
2113 101 019 overpay
2113 111 011 document
2113 117 006 compel
2113 119 009 pawn
2113 134 005 steal
2113 139 002 nod
2113 141 008 interrupt
2113 141 030 dab
2113 144 002 implore
2138 002 007 commercialize
2138 002 009 patent
2142 022 005 void
2142 026 020 undo
2145 046 028 underline
2155 000 025 render
2155 016 026 compute
2155 019 021 ramp
2163 010 008 ring
2165 020 016 miscalculate
2172 006 025 nosedive
2172 008 006 wreak
2172 018 006 foil
2172 037 018 handicap
2203 005 044 better
2210 000 018 stage
2210 009 008 disrupt
2210 027 021 inhibit
2210 031 004 crop
2235 001 018 free
2256 018 015 cop
2256 019 004 prod
2256 024 012 dismantle
2256 028 006 solidify
2272 007 007 condition
2282 000 032 guide
2282 011 004 soften
2282 028 009 march
2300 014 025 chalk
2300 041 012 rip
2300 043 005 assail
2300 044 002 screw
2300 056 001 camp
2300 059 021 fray
2300 060 007 careen
2300 067 020 headline
2300 070 009 harp
2308 036 049 bargain
2314 001 020 inspire
2314 007 022 pervade
2314 018 026 cushion
2314 026 008 slosh
2314 028 004 hoard
2314 033 016 remark
2314 046 007 confront
2314 047 003 idle
2317 008 015 forward
2317 010 021 automate
2341 019 022 power
2345 000 007 salute
2345 001 044 abate
2345 004 032 personalize
2345 008 011 lop
2345 009 029 stroll
2345 015 013 trump
2345 015 025 smile
2360 014 007 hound
2365 019 005 war
2365 021 026 rebel
2365 022 005 collaborate
2365 024 015 herald
2365 035 004 care
2365 047 020 counterattack
2379 042 029 rebuild
2386 007 001 evince
2386 033 003 tiptoe
2386 047 003 kid
2386 048 009 bite
2387 005 017 skimp
2387 013 027 froth
2387 038 024 peg
2391 010 006 brave
2396 013 006 siphon
2415 018 015 misguide
2415 048 006 terrify
2415 049 007 err
2415 061 006 generalize
2416 003 042 fork
2421 000 022 affiliate
2433 003 021 revolutionize
2433 008 017 counterbalance
2433 010 019 pertain
2433 015 020 petition
2433 019 013 monopolize
2433 020 013 treble
2443 004 014 ripple
2443 005 004 overvalue
2443 010 001 dry
2443 047 009 shelve
2443 051 009 oversell
2443 055 026 signify
2450 010 018 buff
2453 006 003 succumb
